RMSE_single_step: 9.947423223480731
MAE_single_step: 7.927641375695671
