name: fuxi
shape: (1, 1, 70, 181, 360)
min: -51.669097900390625
max: 50.569923400878906
mean: 0.11125744417110521
std: 9.997720634093263
