name: input
shape: (2, 70, 181, 360)
min: -52.211666107177734
max: 53.11841583251953
mean: 0.11506990623783916
std: 9.997407711648007
