,electricity_kw,heat_mmbtu,cooling_ton,pv_kw,ghg_ton,temperature_f,dew_point_f,humidity_pct,wind_speed_mph,wind_gust_mph,pressure_in,precipitation_in
electricity_kw,1.0,-0.004891481402176323,-0.7177064071629703,-0.30099295729810055,0.8381078179605888,-0.5726520106382806,-0.5593059973616794,-0.08544673289370878,0.017608963476720085,0.011170692468213428,-0.020368233441040894,0.010568944990323487
heat_mmbtu,-0.004891481402176323,1.0,-0.3044533875742322,-0.6120954848447389,0.46461363619299045,0.48052257914716745,0.46812224479566517,0.08386132011759347,-0.0018662134545808164,0.0067896323717578115,-0.09809956774619469,-0.00771635556322115
cooling_ton,-0.7177064071629703,-0.3044533875742322,1.0,0.6178953021185926,-0.8304734146730661,0.007540374172888067,0.008849307061487925,-0.011290847048142396,-0.026561198917715023,-0.022449175589225503,-0.020769984544414526,-0.01271270246929036
pv_kw,-0.30099295729810055,-0.6120954848447389,0.6178953021185926,1.0,-0.7095558583284604,-0.3862923821235042,-0.37140707344959933,-0.06702768695421604,-0.0824725650060039,-0.0706394852268806,0.07001664959406147,-0.0005758771212538325
ghg_ton,0.8381078179605888,0.46461363619299045,-0.8304734146730661,-0.7095558583284604,1.0,-0.1379372805668271,-0.1360885400885193,-0.012079645027262106,0.015283232733558772,0.013694170213297309,-0.03382896262486856,0.004455567328686047
temperature_f,-0.5726520106382806,0.48052257914716745,0.007540374172888067,-0.3862923821235042,-0.1379372805668271,1.0,0.9714983344985527,0.16775787327173447,-0.0035711474299848084,0.003198292754107606,0.04518454749022536,-0.006429466610772161
dew_point_f,-0.5593059973616794,0.46812224479566517,0.008849307061487925,-0.37140707344959933,-0.1360885400885193,0.9714983344985527,1.0,0.3600778503513134,-0.0012818718029418883,0.004560436150053968,0.04601814910318917,-0.0022536945020012315
humidity_pct,-0.08544673289370878,0.08386132011759347,-0.011290847048142396,-0.06702768695421604,-0.012079645027262106,0.16775787327173447,0.3600778503513134,1.0,0.007012958001254503,0.005654052145954812,0.021754908184551686,0.014916990276239592
wind_speed_mph,0.017608963476720085,-0.0018662134545808164,-0.026561198917715023,-0.0824725650060039,0.015283232733558772,-0.0035711474299848084,-0.0012818718029418883,0.007012958001254503,1.0,0.8015254580261414,-0.4146191119516905,0.009224569924366221
wind_gust_mph,0.011170692468213428,0.0067896323717578115,-0.022449175589225503,-0.0706394852268806,0.013694170213297309,0.003198292754107606,0.004560436150053968,0.005654052145954812,0.8015254580261414,1.0,-0.3320730564940559,0.015036372062341857
pressure_in,-0.020368233441040894,-0.09809956774619469,-0.020769984544414526,0.07001664959406147,-0.03382896262486856,0.04518454749022536,0.04601814910318917,0.021754908184551686,-0.4146191119516905,-0.3320730564940559,1.0,0.004129417660222493
precipitation_in,0.010568944990323487,-0.00771635556322115,-0.01271270246929036,-0.0005758771212538325,0.004455567328686047,-0.006429466610772161,-0.0022536945020012315,0.014916990276239592,0.009224569924366221,0.015036372062341857,0.004129417660222493,1.0
